20230225 25 13300290005 学生餐厅 教学楼 86 10.5
20230225 2 13300290007 图书馆 学生餐厅 50 7
20230225 11 13300290000 教学楼 学生公寓 64 10.5
20230225 23 13300290001 学生餐厅 学生公寓 35 7
20230225 9 13300290007 教学楼 学生餐厅 65 10.5
20230225 11 13300290004 学生餐厅 学生公寓 38 7
20230225 18 13300290007 学生餐厅 学生餐厅 74 10.5
20230225 9 13300290001 学生餐厅 图书馆 22 3.5
20230225 9 13300290015 教学楼 学生餐厅 63 10.5
20230225 14 13300290011 学生公寓 学生餐厅 115 14
20230225 26 13300290012 学生公寓 学生公寓 42 7
20230225 2 13300290015 学生餐厅 图书馆 18 3.5
20230225 9 13300290012 教学楼 学生餐厅 62 10.5
20230225 30 13300290008 学生餐厅 学生公寓 56 7
20230225 5 13300290003 图书馆 图书馆 42 7
20230225 22 13300290011 学生餐厅 学生餐厅 67 10.5
20230225 10 13300290011 教学楼 图书馆 50 7
20230225 18 13300290005 图书馆 学生公寓 38 7
20230225 1 13300290004 教学楼 图书馆 72 10.5
20230225 9 13300290016 图书馆 学生公寓 33 7
20230225 21 13300290018 图书馆 教学楼 12 3.5
20230225 12 13300290010 教学楼 学生公寓 98 14
20230225 15 13300290019 学生餐厅 学生公寓 16 3.5
20230225 3 13300290018 学生餐厅 学生餐厅 64 10.5
20230225 26 13300290017 学生餐厅 学生公寓 48 7
20230225 9 13300290016 图书馆 图书馆 90 10.5
20230225 22 13300290019 学生公寓 学生餐厅 54 7
20230225 21 13300290020 教学楼 学生公寓 21 3.5
20230226 19 13300290001 图书馆 图书馆 32 7
20230226 17 13300290016 学生公寓 学生餐厅 28 3.5
20230226 8 13300290012 图书馆 学生餐厅 60 7
20230226 3 13300290000 学生公寓 图书馆 26 3.5
20230226 8 13300290012 学生餐厅 图书馆 11 3.5
20230226 25 13300290014 教学楼 学生餐厅 34 7
20230226 2 13300290015 图书馆 学生餐厅 20 3.5
20230226 28 13300290011 学生公寓 学生公寓 18 3.5
20230226 25 13300290009 教学楼 学生餐厅 61 10.5
20230226 28 13300290002 学生公寓 学生公寓 75 10.5
20230226 8 13300290005 学生公寓 学生餐厅 36 7
20230226 4 13300290001 学生公寓 教学楼 31 7
20230226 26 13300290013 图书馆 图书馆 48 7
20230226 15 13300290003 学生餐厅 图书馆 118 14
20230226 20 13300290006 学生公寓 学生公寓 61 10.5
20230227 26 13300290017 图书馆 图书馆 95 14
20230227 12 13300290018 学生公寓 教学楼 24 3.5
20230227 31 13300290004 图书馆 图书馆 116 14
20230227 2 13300290005 学生餐厅 学生餐厅 29 3.5
20230227 7 13300290014 学生餐厅 教学楼 18 3.5
20230227 21 13300290016 学生餐厅 学生餐厅 40 7
20230228 25 13300290003 学生餐厅 教学楼 51 7
20230228 25 13300290000 学生餐厅 教学楼 50 7
20230228 31 13300290002 学生公寓 教学楼 107 14
20230301 10 13300290004 图书馆 学生餐厅 80 10.5
20230301 9 13300290014 学生餐厅 学生餐厅 56 7
20230301 26 13300290004 教学楼 教学楼 78 10.5
20230301 23 13300290017 图书馆 学生餐厅 81 10.5
20230301 19 13300290009 图书馆 图书馆 85 10.5
20230302 5 13300290011 学生餐厅 图书馆 116 14
20230302 19 13300290011 学生公寓 教学楼 74 10.5
20230303 19 13300290015 图书馆 学生餐厅 19 3.5
